 0.000000 1557.710938
 1.000000 1557.272095
 2.000000 1557.195801
 3.000000 1556.781250
 4.000000 1556.354492
 5.000000 1556.226562
 6.000000 1555.744873
 7.000000 1555.729736
 8.000000 1555.309082
 9.000000 1554.763550
 10.000000 1554.690308
 11.000000 1554.031860
 12.000000 1553.081055
 13.000000 1552.953003
 14.000000 1552.669556
 15.000000 1552.367676
 16.000000 1552.306885
 17.000000 1551.837402
 18.000000 1551.310181
 19.000000 1550.740112
 20.000000 1550.389648
 21.000000 1550.389648
 22.000000 1549.920166
 23.000000 1549.417358
 24.000000 1549.222168
 25.000000 1549.011963
 26.000000 1548.502930
 27.000000 1548.445068
 28.000000 1548.094360
 29.000000 1547.298950
 30.000000 1547.262329
 31.000000 1546.829468
 32.000000 1546.405762
 33.000000 1546.643677
 34.000000 1546.128540
 35.000000 1546.018799
 36.000000 1545.659180
 37.000000 1545.244629
 38.000000 1545.244629
 39.000000 1544.765991
 40.000000 1544.424561
 41.000000 1544.452148
 42.000000 1544.004028
 43.000000 1543.610840
 44.000000 1543.717529
 45.000000 1542.876343
 46.000000 1542.541016
 47.000000 1542.541016
 48.000000 1541.617432
 49.000000 1541.660156
 50.000000 1541.254761
 51.000000 1540.553711
 52.000000 1540.663452
 53.000000 1539.867920
 54.000000 1539.520386
 55.000000 1539.520386
 56.000000 1539.166748
 57.000000 1539.029785
 58.000000 1539.014404
 59.000000 1538.861938
 60.000000 1538.572510
 61.000000 1538.752319
 62.000000 1537.520874
 63.000000 1537.505737
 64.000000 1536.917358
 65.000000 1536.429688
 66.000000 1536.380981
 67.000000 1535.963379
 68.000000 1535.497192
 69.000000 1535.463501
 70.000000 1535.143555
 71.000000 1534.732056
 72.000000 1534.732056
 73.000000 1534.436401
 74.000000 1534.073608
 75.000000 1533.823730
 76.000000 1533.537231
 77.000000 1533.588989
 78.000000 1533.265869
 79.000000 1532.452148
 80.000000 1532.421631
 81.000000 1532.037598
 82.000000 1531.629150
 83.000000 1531.568237
 84.000000 1531.098877
 85.000000 1530.745239
 86.000000 1530.699463
 87.000000 1530.178345
 88.000000 1529.846191
 89.000000 1529.846191
 90.000000 1529.202881
 91.000000 1528.733521
 92.000000 1528.703125
 93.000000 1528.230591
 94.000000 1528.151489
 95.000000 1527.227783
 96.000000 1526.688354
 97.000000 1526.572510
 98.000000 1526.173218
 99.000000 1525.618530
 100.000000 1525.502686
 101.000000 1524.893188
 102.000000 1524.487671
 103.000000 1524.277466
 104.000000 1523.195312
 105.000000 1522.658936
 106.000000 1522.658936
 107.000000 1522.003662
 108.000000 1521.790161
 109.000000 1521.223389
 110.000000 1520.647217
 111.000000 1520.647217
 112.000000 1519.690063
 113.000000 1519.114136
 114.000000 1518.885498
 115.000000 1518.620361
 116.000000 1518.007568
 117.000000 1517.388916
 118.000000 1516.794556
 119.000000 1516.480591
 120.000000 1516.209351
 121.000000 1515.971680
 122.000000 1515.709351
 123.000000 1515.389404
 124.000000 1514.636475
 125.000000 1514.185425
 126.000000 1513.706909
 127.000000 1512.816895
 128.000000 1512.816895
 129.000000 1512.268188
 130.000000 1511.692261
 131.000000 1510.790039
 132.000000 1510.402954
 133.000000 1509.845093
 134.000000 1509.573853
 135.000000 1508.863647
 136.000000 1508.863647
 137.000000 1508.357788
 138.000000 1507.842651
 139.000000 1507.589600
 140.000000 1507.443359
 141.000000 1506.836670
 142.000000 1506.574585
 143.000000 1506.093018
 144.000000 1504.986572
 145.000000 1504.986572
 146.000000 1503.831421
 147.000000 1502.907837
 148.000000 1502.231201
 149.000000 1501.868530
 150.000000 1501.066772
 151.000000 1499.881226
 152.000000 1498.564453
 153.000000 1498.564453
 154.000000 1498.201660
 155.000000 1496.769287
 156.000000 1496.092529
 157.000000 1495.278687
 158.000000 1495.044067
 159.000000 1493.919312
 160.000000 1492.913452
 161.000000 1491.770386
 162.000000 1491.770386
 163.000000 1490.837891
 164.000000 1490.127686
 165.000000 1489.140015
 166.000000 1489.121704
 167.000000 1488.240967
 168.000000 1486.960693
 169.000000 1486.198730
 170.000000 1486.198730
 171.000000 1485.162476
 172.000000 1484.232666
 173.000000 1482.989258
 174.000000 1481.974243
 175.000000 1481.608398
 176.000000 1481.099365
 177.000000 1479.761353
 178.000000 1479.166992
 179.000000 1478.932373
 180.000000 1478.124634
 181.000000 1477.380859
 182.000000 1476.539673
 183.000000 1476.277588
 184.000000 1475.768433
 185.000000 1474.786987
 186.000000 1474.540161
 187.000000 1474.540161
 188.000000 1472.988770
 189.000000 1471.336792
 190.000000 1470.775757
 191.000000 1469.803467
 192.000000 1469.803467
 193.000000 1468.761108
 194.000000 1467.569336
 195.000000 1467.124268
 196.000000 1466.728149
 197.000000 1465.704102
 198.000000 1464.993774
 199.000000 1464.064087
 200.000000 1463.744141
 201.000000 1463.262573
 202.000000 1461.884766
 203.000000 1460.946045
 204.000000 1460.946045
 205.000000 1460.065186
 206.000000 1459.592651
 207.000000 1458.702759
 208.000000 1457.815674
 209.000000 1457.815674
 210.000000 1456.788696
 211.000000 1455.413940
 212.000000 1454.880493
 213.000000 1454.581787
 214.000000 1453.761963
 215.000000 1452.719482
 216.000000 1451.469849
 217.000000 1451.073608
 218.000000 1449.830078
 219.000000 1449.269043
 220.000000 1448.562012
 221.000000 1448.412598
 222.000000 1448.522461
 223.000000 1448.388306
 224.000000 1448.330444
 225.000000 1447.793945
 226.000000 1447.793945
 227.000000 1446.858276
 228.000000 1446.212036
 229.000000 1446.059570
 230.000000 1446.370483
 231.000000 1446.373535
 232.000000 1446.056519
 233.000000 1445.934570
 234.000000 1445.934570
 235.000000 1445.806641
 236.000000 1445.553589
 237.000000 1445.434814
 238.000000 1445.443970
 239.000000 1445.507935
 240.000000 1445.507935
 241.000000 1445.544556
 242.000000 1445.437866
 243.000000 1445.437866
 244.000000 1445.520142
 245.000000 1445.453003
 246.000000 1445.373779
 247.000000 1445.428711
 248.000000 1445.318848
 249.000000 1445.178711
 250.000000 1445.294556
 251.000000 1445.294556
 252.000000 1445.453003
 253.000000 1445.532349
 254.000000 1445.535278
 255.000000 1445.477417
 256.000000 1445.483521
 257.000000 1445.090332
 258.000000 1444.864868
 259.000000 1444.788574
 260.000000 1444.788574
 261.000000 1444.736816
 262.000000 1444.605713
 263.000000 1444.486816
 264.000000 1444.444214
 265.000000 1444.288696
 266.000000 1444.300903
 267.000000 1444.453369
 268.000000 1444.453369
 269.000000 1444.572266
 270.000000 1444.340454
 271.000000 1443.938232
 272.000000 1443.724854
 273.000000 1443.755371
 274.000000 1443.953369
 275.000000 1444.337524
 276.000000 1444.529541
 277.000000 1444.941040
 278.000000 1445.157471
 279.000000 1445.233643
 280.000000 1445.385986
 281.000000 1445.611450
 282.000000 1445.608521
 283.000000 1445.739624
 284.000000 1445.773071
 285.000000 1446.321655
 286.000000 1446.379639
 287.000000 1446.736206
 288.000000 1447.178223
 289.000000 1447.717773
 290.000000 1447.717773
 291.000000 1448.467529
 292.000000 1449.336182
 293.000000 1449.961060
 294.000000 1450.271851
 295.000000 1450.515869
 296.000000 1450.659058
 297.000000 1450.899780
 298.000000 1450.863159
 299.000000 1450.850952
 300.000000 1450.677368
 301.000000 1450.738281
 302.000000 1450.799194
 303.000000 1450.887573
 304.000000 1450.832886
 305.000000 1450.966919
 306.000000 1450.899780
 307.000000 1450.899780
 308.000000 1451.024780
 309.000000 1451.302246
 310.000000 1451.317383
 311.000000 1451.408813
 312.000000 1451.518677
 313.000000 1451.430176
 314.000000 1451.469849
 315.000000 1451.609985
 316.000000 1451.625244
 317.000000 1451.768555
 318.000000 1451.759399
 319.000000 1451.707520
 320.000000 1451.820312
 321.000000 1451.786865
 322.000000 1451.719727
 323.000000 1451.643555
 324.000000 1451.643555
 325.000000 1451.491089
 326.000000 1451.643555
 327.000000 1451.454590
 328.000000 1451.609985
 329.000000 1451.658813
 330.000000 1451.728882
 331.000000 1452.292847
 332.000000 1452.707275
 333.000000 1452.707275
 334.000000 1452.960327
 335.000000 1452.975464
 336.000000 1453.225342
 337.000000 1453.335205
 338.000000 1453.536255
 339.000000 1453.920410
 340.000000 1454.209839
 341.000000 1454.209839
 342.000000 1454.651855
 343.000000 1455.252441
 344.000000 1455.325562
 345.000000 1455.554077
 346.000000 1455.770508
 347.000000 1455.727783
 348.000000 1455.868164
 349.000000 1455.779785
 350.000000 1455.935059
 351.000000 1456.072388
 352.000000 1456.105835
 353.000000 1456.258179
 354.000000 1456.501953
 355.000000 1456.517334
 356.000000 1456.822144
 357.000000 1457.187744
 358.000000 1457.187744
 359.000000 1458.010864
 360.000000 1458.836792
 361.000000 1458.970947
 362.000000 1459.303223
 363.000000 1459.458618
 364.000000 1459.915771
 365.000000 1460.513184
 366.000000 1460.738892
 367.000000 1461.113770
 368.000000 1461.644043
 369.000000 1461.961060
 370.000000 1462.582764
 371.000000 1462.939453
 372.000000 1463.201538
 373.000000 1463.731934
 374.000000 1464.442139
 375.000000 1464.442139
 376.000000 1465.627808
 377.000000 1465.850342
 378.000000 1466.481201
 379.000000 1466.901855
 380.000000 1467.203613
 381.000000 1467.618164
 382.000000 1468.209473
 383.000000 1468.818970
 384.000000 1469.248779
 385.000000 1469.946777
 386.000000 1470.239380
 387.000000 1470.675171
 388.000000 1471.199463
 389.000000 1471.821289
 390.000000 1472.598511
 391.000000 1472.912476
 392.000000 1473.351440
 393.000000 1474.640747
 394.000000 1474.942383
 395.000000 1475.613037
 396.000000 1476.359863
 397.000000 1476.359863
 398.000000 1477.466187
 399.000000 1478.212891
 400.000000 1478.593872
 401.000000 1478.984131
 402.000000 1479.758301
 403.000000 1480.151489
 404.000000 1480.776367
 405.000000 1480.776367
 406.000000 1481.501709
 407.000000 1482.251465
 408.000000 1482.513672
 409.000000 1483.339722
 410.000000 1484.135254
 411.000000 1484.906494
 412.000000 1485.384888
 413.000000 1486.217041
 414.000000 1486.217041
 415.000000 1487.049072
 416.000000 1487.811157
 417.000000 1488.442017
 418.000000 1488.737671
 419.000000 1488.960205
 420.000000 1489.795288
 421.000000 1490.612183
 422.000000 1490.612183
 423.000000 1491.435181
 424.000000 1492.145386
 425.000000 1492.736694
 426.000000 1493.596191
 427.000000 1494.321655
 428.000000 1494.650757
 429.000000 1495.342773
 430.000000 1496.083374
 431.000000 1496.083374
 432.000000 1496.726562
 433.000000 1497.031372
 434.000000 1497.832886
 435.000000 1498.250488
 436.000000 1498.573608
 437.000000 1499.378296
 438.000000 1500.054932
 439.000000 1500.054932
 440.000000 1501.216187
 441.000000 1502.316528
 442.000000 1502.490356
 443.000000 1502.920044
 444.000000 1503.343750
 445.000000 1504.230713
 446.000000 1504.913452
 447.000000 1505.169556
 448.000000 1505.660278
 449.000000 1506.370483
 450.000000 1506.699585
 451.000000 1507.491943
 452.000000 1507.967529
 453.000000 1508.641113
 454.000000 1509.314697
 455.000000 1510.131592
 456.000000 1510.131592
 457.000000 1510.960693
 458.000000 1512.006104
 459.000000 1512.259155
 460.000000 1512.926636
 461.000000 1512.926636
 462.000000 1513.597290
 463.000000 1514.417114
 464.000000 1514.886475
 465.000000 1515.404541
 466.000000 1516.443970
 467.000000 1517.224365
 468.000000 1517.971191
 469.000000 1518.419067
 470.000000 1518.842773
 471.000000 1519.528687
 472.000000 1520.205200
 473.000000 1520.205200
 474.000000 1521.476318
 475.000000 1521.835938
 476.000000 1523.192383
 477.000000 1523.621948
 478.000000 1523.621948
 479.000000 1524.429810
 480.000000 1525.118652
 481.000000 1526.008545
 482.000000 1526.417114
 483.000000 1527.261475
 484.000000 1527.669800
 485.000000 1528.547607
 486.000000 1528.913452
 487.000000 1529.312744
 488.000000 1530.214966
 489.000000 1530.470947
 490.000000 1530.763550
 491.000000 1531.955322
 492.000000 1532.366821
 493.000000 1533.144043
 494.000000 1533.933350
 495.000000 1533.933350
 496.000000 1534.988037
 497.000000 1535.713501
 498.000000 1536.070068
 499.000000 1536.493896
