 0.000000 1438.393921
 1.000073 1438.354248
 1.289816 1438.491455
 2.289889 1438.159180
 2.579146 1438.482300
 3.579219 1438.113525
 3.868477 1438.424438
 4.868550 1438.275024
 5.157807 1438.012939
 6.157880 1438.201782
 6.447138 1438.201782
 7.447211 1438.588867
 7.736469 1438.588867
 8.736542 1438.726074
 9.025799 1438.726074
 10.025872 1438.921265
 10.315130 1438.796265
 11.315203 1438.887573
 11.608645 1438.887573
 12.608718 1438.768799
 12.910653 1438.768799
 13.910726 1438.857178
 14.214020 1438.857178
 15.214093 1438.918091
 15.480123 1438.918091
 16.480196 1439.317383
 16.764135 1439.305176
 17.764208 1439.585571
 18.064136 1439.585571
 19.064209 1439.277832
 19.359616 1439.277832
 20.359689 1439.253418
 20.652953 1439.253418
 21.653026 1439.216797
 21.930509 1439.415039
 22.930582 1439.415039
 23.203177 1439.320557
 24.203250 1439.485107
 24.475844 1439.485107
 25.475917 1439.658813
 25.749889 1439.466797
 26.749962 1439.475952
 27.089873 1439.475952
 28.089946 1439.381348
 28.390968 1439.381348
 29.391041 1439.396729
 29.732254 1439.555298
 30.732327 1440.100830
 31.035419 1439.555298
 32.035492 1440.439087
 32.338584 1440.439087
 33.338657 1440.713379
 33.641748 1440.713379
 34.641821 1440.551880
 34.944845 1440.759155
 35.944918 1440.759155
 36.245980 1441.018188
 37.246053 1440.908569
 37.505963 1440.908569
 38.506036 1441.106567
 38.777921 1441.094360
 39.777994 1441.179688
 40.083375 1441.179688
 41.083448 1441.359619
 41.397042 1441.359619
 42.397115 1441.551636
 42.700206 1441.527222
 43.700279 1441.701050
 44.000919 1442.109375
 45.000992 1442.097168
 45.296594 1442.286255
 46.296667 1442.286255
 46.591025 1442.170288
 47.591098 1442.377563
 47.888630 1442.377563
 48.888703 1442.371460
 49.195670 1442.371460
 50.195743 1442.374634
 50.485162 1442.374634
 51.485235 1442.490479
 51.743944 1442.490479
 52.744017 1442.575684
 53.008621 1442.575684
 54.008694 1442.755615
 54.311622 1442.755615
 55.311695 1442.795166
 55.614621 1442.856079
 56.614694 1442.972046
 57.488753 1443.160889
 58.488826 1443.340820
 59.434782 1443.435303
 60.434855 1443.596802
 61.397712 1443.618042
 62.397785 1443.846680
 63.397858 1443.950439
 63.861382 1443.895508
 64.861455 1443.791870
 65.861528 1443.892578
 66.118161 1443.862061
 67.118234 1443.862061
 68.044299 1443.935059
 69.044372 1444.035767
 69.941256 1444.081421
 70.941329 1444.243042
 71.872987 1444.614746
 72.873060 1444.742920
 73.715748 1444.675781
 74.715821 1444.730713
 75.563610 1444.825195
 76.563683 1444.901489
 77.168100 1444.937866
 78.168173 1445.035522
 78.888310 1445.023315
 79.888383 1445.130005
 80.831296 1445.233643
 81.831369 1445.395142
 82.575442 1445.395142
 83.575515 1445.541382
 84.342812 1445.578003
 85.342885 1445.635864
 86.121512 1445.605347
 87.121585 1445.651245
 87.948655 1445.919434
 88.948728 1446.001709
 89.687417 1445.952881
 90.687490 1445.952881
 91.500251 1445.952881
 92.500324 1446.032227
 93.218695 1446.077881
 94.218768 1446.242554
 94.918518 1446.309448
 95.918591 1446.349243
 96.810543 1446.404053
 97.810616 1446.404053
 98.652677 1446.489380
 99.652750 1446.538086
 100.422340 1446.669189
 101.422413 1446.830688
 102.135120 1446.821655
 103.135193 1446.952759
 104.135266 1446.952759
 104.279639 1446.952759
 105.279712 1447.068481
 106.279785 1447.147705
 106.689778 1447.147705
 107.689851 1447.358032
 108.689924 1447.193359
 108.759511 1447.193359
 109.759583 1447.370239
 110.624542 1447.370239
 111.624615 1447.650635
 112.517778 1447.650635
 113.517851 1447.732910
 114.461948 1447.854980
 115.462021 1447.854980
 116.405969 1448.171997
 117.406042 1448.183960
 118.059252 1448.452393
 119.059325 1448.504150
 119.966748 1448.720459
 120.966821 1449.083252
 121.904989 1449.083252
 122.905062 1449.138184
 123.815341 1449.253906
 124.815414 1449.253906
 125.815487 1449.506958
 126.236355 1449.506958
 127.236428 1449.644043
 128.142381 1449.631836
 129.142454 1449.839111
 129.858945 1449.839111
 130.859018 1450.028076
 131.745599 1450.311646
 132.745672 1450.311646
 133.472066 1450.366455
 134.472139 1450.524902
 135.174569 1450.524902
 136.174642 1450.442627
 136.781877 1450.442627
 137.781950 1450.494385
 138.364860 1450.357300
 139.364933 1450.707764
 139.715335 1450.707764
 140.715408 1450.784058
 141.216412 1450.784058
 142.216485 1450.799194
 142.597248 1450.799194
 143.597321 1450.930298
 144.125481 1451.058350
 145.125554 1451.110107
 145.501863 1451.128418
 146.501936 1451.335693
 146.731417 1451.335693
 147.731490 1451.478882
 148.034488 1451.478882
 149.034561 1451.674072
 149.336883 1451.674072
 150.336956 1451.930054
 150.633186 1451.930054
 151.633259 1452.085571
 151.853480 1452.085571
 152.505188 1452.298828
 153.156834 1452.527344
 153.808546 1452.643311
